332.51988475973127 337 548.474087826608
332.3565707163067 483 458.762861347733
332.3731963306292 246 642.254557260936
331.7279274033809 483 458.762861347733
332.3517772362267 337 560.474087826608
333.4902415060759 338 560.474087826608
332.2470473406797 483 458.762861347733
331.8859690928266 483 458.762861347733
331.67608186417453 483 458.762861347733
332.9634163564058 246 642.254557260936
398.7239965784728 63 1336.55584354616
332.47816443073606 337 560.474087826608
332.7249210322738 337 560.474087826608
332.14707248516953 246 642.254557260936
332.343805010151 483 458.762861347733
332.53760047988294 483 458.762861347733
332.581371025561 337 560.474087826608
333.6293858055892 481 458.762861347733
332.13908911854946 246 642.254557260936
332.40892881425526 246 642.254557260936
333.220279426879 481 458.762861347733
455.9982927546142 66 1482.11535541034
331.54221940382524 155 808.409866751495
331.0968516262535 90 936.142894381075
370.5565381103183 63 1237.23924476274
331.05885661224426 190 728.655025694628
369.5018620175067 63 1237.23924476274
342.7435053968015 66 1129.61785018496
332.53042522080625 83 969.944088364365
331.67638267935655 246 642.254557260936
332.6677477315184 191 728.655025694628
370.62990288193805 63 1237.23924476274
342.2545682759272 66 1129.61785018496
330.9887055574626 155 808.409866751495
455.40600511621466 66 1482.11535541034
331.6258684238043 190 728.655025694628
539.9863096498779 66 1761.2878602242
427.1359036156073 68 1388.09957210229
332.576872943613 83 969.944088364365
483.62054862217815 68 1556.31058572181
511.8784691721119 68 1660.0735080852
482.54959784483157 67 1566.31058572181
427.2436980014724 67 1398.09957210229
331.0995856708711 190 738.655025694628
426.48798215560123 68 1398.09957210229
332.8805446413042 338 560.474087826608
333.02051811495056 338 560.474087826608
343.16496090435203 66 1129.61785018496
369.4334978875059 63 1237.23924476274
331.4568975860369 90 936.142894381075
398.734265714933 63 1336.55584354616
333.1478667221966 481 458.762861347733
370.14840016947767 63 1237.23924476274
417.64081643096495 67 1408.09957210229
332.467234627974 191 748.655025694628
540.0646583482878 66 1781.2878602242
331.25097905842637 90 956.142894381075
332.99875385325555 246 642.254557260936
331.3596829939964 90 966.142894381075
331.0995514103775 90 976.142894381075
333.242334948016 481 458.762861347733
512.4020705932486 68 1670.0735080852
369.79629200408425 63 1227.23924476274
455.1963501773488 66 1492.11535541034
332.4489275402473 481 458.762861347733
332.5870206454287 483 468.762861347733
369.5061511485754 63 1227.23924476274
370.59442177016075 63 1227.23924476274
332.10419460985594 246 652.254557260936
567.7844797644801 67 1851.34776362038
332.0199794107698 83 979.944088364365
540.7521390319378 66 1801.2878602242
369.498031062289 63 1227.23924476274
332.5662950375819 191 748.655025694628
370.5378441316638 63 1227.23924476274
331.3459137827221 246 662.254557260936
333.27907617729505 139 828.409866751495
370.5455358039018 63 1227.23924476274
331.8288993004126 83 989.944088364365
332.51224020314316 83 999.944088364365
332.77005924389505 483 478.762861347733
342.55006108550344 66 1129.61785018496
370.5945433447833 63 1227.23924476274
293.8046245047874 483 478.762861347733
511.5760880689438 68 1670.0735080852
332.44763406035463 246 682.254557260936
512.4048237833642 68 1680.0735080852
482.9885033786381 67 1576.31058572181
332.6046104013291 83 1009.944088364365
331.8576199017959 83 1019.944088364365
398.32549511206 63 1336.55584354616
482.9538162651804 67 1586.31058572181
333.1102099855018 246 682.254557260936
369.79879179547925 63 1222.23924476274
331.1779611589861 90 976.142894381075
398.6816690442625 63 1326.55584354616
512.4852167934 68 1690.0735080852
342.38467886773645 66 1129.61785018496
333.40328045970654 338 570.474087826608
427.7189595121794 67 1408.09957210229
540.1363155383495 66 1811.2878602242
343.0438768138271 66 1129.61785018496
500.9587066127009 68 1700.0735080852
342.02098597473804 66 1129.61785018496
332.0761284237751 246 688.254557260936
427.79192759137356 67 1408.09957210229
342.85657507574365 66 1129.61785018496
332.5081006758664 337 570.474087826608
331.9355725916704 191 758.655025694628
370.6190424152072 63 1222.23924476274
426.86908187209264 68 1408.09957210229
511.44819928911465 68 1700.0735080852
540.7465633081983 66 1811.2878602242
455.3163555413414 67 1502.11535541034
332.46816732168463 483 478.762861347733
456.164746366584 66 1522.11535541034
331.5400189376531 190 768.655025694628
427.8178118640517 67 1408.09957210229
331.47383777105586 90 976.142894381075
483.9315073190981 68 1596.31058572181
332.8801970206889 338 570.474087826608
567.7059853034565 67 1871.34776362038
332.2520028145522 191 778.655025694628
568.1435334864299 67 1881.34776362038
568.8616437925356 67 1901.34776362038
331.13649310659105 190 788.655025694628
331.4818401325394 90 986.142894381075
333.1283504547572 246 688.254557260936
539.9058845114832 66 1811.2878602242
568.3935953929451 67 1911.34776362038
482.72335511176124 67 1606.31058572181
332.5577473683338 191 788.655025694628
370.53508589542554 63 1222.23924476274
331.53624539951477 483 478.762861347733
343.2424429610983 66 1129.61785018496
342.5494387229022 66 1124.61785018496
512.1449522019971 68 1700.0735080852
342.30578704935044 66 1117.61785018496
331.2921040915378 155 818.409866751495
568.8426761563652 67 1921.34776362038
511.88176357923425 68 1695.0735080852
398.51012018399047 63 1326.55584354616
482.8488287202612 67 1606.31058572181
332.98354064614404 246 688.254557260936
398.37419234945304 63 1323.55584354616
331.72387428597165 337 575.474087826608
332.68354801415035 483 478.762861347733
331.98347138317223 483 478.762861347733
331.93083696712847 246 688.254557260936
333.194558858915 481 478.762861347733
332.08836812500306 246 688.254557260936
332.11417312394855 246 688.254557260936
332.60390621218534 483 478.762861347733
332.38891768596943 246 688.254557260936
398.32366399307574 63 1323.55584354616
331.630100396756 190 788.655025694628
330.9785389345522 155 838.409866751495
